[gd_scene load_steps=17 format=3 uid="uid://dmslrd2kpvp8u"]

[ext_resource type="Texture2D" uid="uid://bllv6fevoqhj3" path="res://Assets/2D/WallTexture1.png" id="1_gn5v3"]
[ext_resource type="PackedScene" uid="uid://3lfd1k36qip8" path="res://Scenes/Game World/StructurePieces/pillar.tscn" id="2_mnoks"]
[ext_resource type="Texture2D" uid="uid://bld3tpmifurmg" path="res://Assets/2D/PillarTexture.png" id="3_0kul6"]

[sub_resource type="Gradient" id="Gradient_8aw5b"]

[sub_resource type="FastNoiseLite" id="FastNoiseLite_0g63t"]
noise_type = 2
cellular_return_type = 0

[sub_resource type="NoiseTexture2D" id="NoiseTexture2D_kw1ji"]
as_normal_map = true
color_ramp = SubResource("Gradient_8aw5b")
noise = SubResource("FastNoiseLite_0g63t")

[sub_resource type="StandardMaterial3D" id="StandardMaterial3D_gn5v3"]
cull_mode = 2
diffuse_mode = 3
normal_enabled = true
normal_texture = SubResource("NoiseTexture2D_kw1ji")
texture_filter = 2

[sub_resource type="PlaneMesh" id="PlaneMesh_kw1ji"]
material = SubResource("StandardMaterial3D_gn5v3")
size = Vector2(4, 8)

[sub_resource type="StandardMaterial3D" id="StandardMaterial3D_cv0hp"]
albedo_texture = ExtResource("1_gn5v3")
texture_filter = 2

[sub_resource type="PlaneMesh" id="PlaneMesh_a20rb"]
material = SubResource("StandardMaterial3D_cv0hp")
size = Vector2(4, 0.5)

[sub_resource type="BoxShape3D" id="BoxShape3D_8aw5b"]
size = Vector3(3.7666, 0.0980835, 7.95026)

[sub_resource type="Gradient" id="Gradient_slgdm"]

[sub_resource type="FastNoiseLite" id="FastNoiseLite_k1jwe"]
noise_type = 2
frequency = 0.0013
cellular_return_type = 0

[sub_resource type="NoiseTexture2D" id="NoiseTexture2D_ais6i"]
as_normal_map = true
color_ramp = SubResource("Gradient_slgdm")
noise = SubResource("FastNoiseLite_k1jwe")

[sub_resource type="StandardMaterial3D" id="StandardMaterial3D_k1jwe"]
albedo_texture = ExtResource("3_0kul6")
normal_enabled = true
normal_texture = SubResource("NoiseTexture2D_ais6i")
uv1_scale = Vector3(6, 6, 6)
texture_filter = 2

[sub_resource type="CylinderMesh" id="CylinderMesh_8oi30"]
material = SubResource("StandardMaterial3D_k1jwe")
height = 8.0
radial_segments = 8

[node name="DooredWall" type="Node3D"]

[node name="Section1" type="Node3D" parent="."]

[node name="MainWall" type="MeshInstance3D" parent="Section1"]
transform = Transform3D(1, 0, 0, 0, -5.96046e-08, 1, 0, -1, -5.96046e-08, 4, 4, 0.332492)
mesh = SubResource("PlaneMesh_kw1ji")
skeleton = NodePath("../Wall")

[node name="Section" type="MeshInstance3D" parent="Section1"]
transform = Transform3D(1, 0, 0, 0, 0.707107, 0.707107, 0, -0.707107, 0.707107, 4, 0.403, 0.18)
mesh = SubResource("PlaneMesh_a20rb")
skeleton = NodePath("../..")

[node name="UpperInner" type="MeshInstance3D" parent="Section1"]
transform = Transform3D(1, 0, 0, 0, -5.96046e-08, 1, 0, -1, -5.96046e-08, 4, 7.825, -7.45058e-08)
mesh = SubResource("PlaneMesh_a20rb")
skeleton = NodePath("../..")

[node name="UpperIncline" type="MeshInstance3D" parent="Section1/UpperInner"]
transform = Transform3D(1, 0, 0, 0, 0.707107, 0.707107, 0, -0.707107, 0.707107, 0, -0.18, -0.422)
mesh = SubResource("PlaneMesh_a20rb")
skeleton = NodePath("../../..")

[node name="Wall" type="MeshInstance3D" parent="Section1"]
transform = Transform3D(1, 0, 0, 0, -5.96046e-08, 1, 0, -1, -5.96046e-08, 4, 0, 1.49012e-08)
mesh = SubResource("PlaneMesh_a20rb")
skeleton = NodePath("../..")

[node name="Section2" type="MeshInstance3D" parent="Section1"]
transform = Transform3D(-1, -6.18173e-08, 6.18173e-08, 0, 0.707107, 0.707107, -8.74228e-08, 0.707107, -0.707107, 4, 0.403, 0.514931)
mesh = SubResource("PlaneMesh_a20rb")
skeleton = NodePath("../..")

[node name="UpperInner2" type="MeshInstance3D" parent="Section1"]
transform = Transform3D(-1, -8.74228e-08, -5.2108e-15, 0, -5.96046e-08, 1, -8.74228e-08, 1, 5.96046e-08, 4, 7.825, 0.694931)
mesh = SubResource("PlaneMesh_a20rb")
skeleton = NodePath("../..")

[node name="UpperIncline" type="MeshInstance3D" parent="Section1/UpperInner2"]
transform = Transform3D(1, 0, 0, 0, 0.707107, 0.707107, 0, -0.707107, 0.707107, 0, -0.18, -0.422)
mesh = SubResource("PlaneMesh_a20rb")
skeleton = NodePath("../../..")

[node name="Wall2" type="MeshInstance3D" parent="Section1"]
transform = Transform3D(-1, -8.74228e-08, -5.2108e-15, 0, -5.96046e-08, 1, -8.74228e-08, 1, 5.96046e-08, 4, 0, 0.694931)
mesh = SubResource("PlaneMesh_a20rb")
skeleton = NodePath("../..")

[node name="Section2" type="Node3D" parent="."]
transform = Transform3D(1, 0, 0, 0, 1, 0, 0, 0, 1, -8, 0, 0)

[node name="MainWall" type="MeshInstance3D" parent="Section2"]
transform = Transform3D(1, 0, 0, 0, -5.96046e-08, 1, 0, -1, -5.96046e-08, 4, 4, 0.332492)
mesh = SubResource("PlaneMesh_kw1ji")
skeleton = NodePath("../Wall")

[node name="Section" type="MeshInstance3D" parent="Section2"]
transform = Transform3D(1, 0, 0, 0, 0.707107, 0.707107, 0, -0.707107, 0.707107, 4, 0.403, 0.18)
mesh = SubResource("PlaneMesh_a20rb")
skeleton = NodePath("../..")

[node name="UpperInner" type="MeshInstance3D" parent="Section2"]
transform = Transform3D(1, 0, 0, 0, -5.96046e-08, 1, 0, -1, -5.96046e-08, 4, 7.825, -7.45058e-08)
mesh = SubResource("PlaneMesh_a20rb")
skeleton = NodePath("../..")

[node name="UpperIncline" type="MeshInstance3D" parent="Section2/UpperInner"]
transform = Transform3D(1, 0, 0, 0, 0.707107, 0.707107, 0, -0.707107, 0.707107, 0, -0.18, -0.422)
mesh = SubResource("PlaneMesh_a20rb")
skeleton = NodePath("../../..")

[node name="Wall" type="MeshInstance3D" parent="Section2"]
transform = Transform3D(1, 0, 0, 0, -5.96046e-08, 1, 0, -1, -5.96046e-08, 4, 0, 1.49012e-08)
mesh = SubResource("PlaneMesh_a20rb")
skeleton = NodePath("../..")

[node name="Section2" type="MeshInstance3D" parent="Section2"]
transform = Transform3D(-1, -6.18173e-08, 6.18173e-08, 0, 0.707107, 0.707107, -8.74228e-08, 0.707107, -0.707107, 4, 0.403, 0.514931)
mesh = SubResource("PlaneMesh_a20rb")
skeleton = NodePath("../..")

[node name="UpperInner2" type="MeshInstance3D" parent="Section2"]
transform = Transform3D(-1, -8.74228e-08, -5.2108e-15, 0, -5.96046e-08, 1, -8.74228e-08, 1, 5.96046e-08, 4, 7.825, 0.694931)
mesh = SubResource("PlaneMesh_a20rb")
skeleton = NodePath("../..")

[node name="UpperIncline" type="MeshInstance3D" parent="Section2/UpperInner2"]
transform = Transform3D(1, 0, 0, 0, 0.707107, 0.707107, 0, -0.707107, 0.707107, 0, -0.18, -0.422)
mesh = SubResource("PlaneMesh_a20rb")
skeleton = NodePath("../../..")

[node name="Wall2" type="MeshInstance3D" parent="Section2"]
transform = Transform3D(-1, -8.74228e-08, -5.2108e-15, 0, -5.96046e-08, 1, -8.74228e-08, 1, 5.96046e-08, 4, 0, 0.694931)
mesh = SubResource("PlaneMesh_a20rb")
skeleton = NodePath("../..")

[node name="Collision" type="StaticBody3D" parent="."]
transform = Transform3D(1, 0, 0, 0, -4.37114e-08, 1, 0, -1, -4.37114e-08, 0, 0, 0)

[node name="Hitbox" type="CollisionShape3D" parent="Collision"]
transform = Transform3D(1, 0, 0, 0, 1, 0, 0, 0, 1, -4.05664, -0.0759583, 3.72617)
shape = SubResource("BoxShape3D_8aw5b")
debug_color = Color(1, 1, 1, 0.42)
debug_fill = false

[node name="Hitbox2" type="CollisionShape3D" parent="Collision"]
transform = Transform3D(1, 0, 0, 0, 1, 0, 0, 0, 1, 4.00342, -0.0759583, 3.72617)
shape = SubResource("BoxShape3D_8aw5b")
debug_color = Color(1, 1, 1, 0.42)
debug_fill = false

[node name="Pillars" type="Node3D" parent="."]

[node name="Pillar" parent="Pillars" instance=ExtResource("2_mnoks")]
transform = Transform3D(1, 0, 0, 0, 1, 0, 0, 0, 1, 2, 4, 0)
mesh = SubResource("CylinderMesh_8oi30")

[node name="Pillar2" parent="Pillars" instance=ExtResource("2_mnoks")]
transform = Transform3D(1, 0, 0, 0, 1, 0, 0, 0, 1, -2, 4, 0)
mesh = SubResource("CylinderMesh_8oi30")
